 137 137 141  118 1 2 52 2 52 
 120 123 127  38 49 1 99 331 98 
 115 117 121  152 5 1 141 363 140 
 114 113 117  128 1 0 87 392 170 
 109 112 114  98 3 0 84 396 187 
 107 108 108  118 8 3 62 396 223 
 93 93 93  183 42 5 57 380 257 
 84 81 79  25 27 25 27 336 287 
 80 78 75  104 3 26 28 295 316 
 75 73 71  58 7 58 7 263 337 
 72 71 69  129 11 25 20 25 20 
 69 69 67  67 3 67 3 67 3 
 70 71 69  67 4 67 4 67 4 
 72 73 71  73 4 73 4 73 4 
 77 77 75  93 2 93 2 93 2 
 80 80 78  76 5 76 5 76 5 
 84 83 80  98 2 98 2 98 2 
 86 85 82  105 2 105 2 105 2 
 90 89 84  134 2 134 2 134 2 
 90 88 82  107 1 3 404 51 51 
 89 87 80  90 4 90 4 90 4 
 87 86 79  64 7 64 7 64 7 
 84 83 76  101 1 50 40 50 40 
 84 83 75  98 1 35 45 35 45 
 87 86 78  77 3 77 3 77 3 
 92 91 84  105 1 51 45 51 45 
 101 101 95  102 2 102 2 102 2 
 104 105 100  114 2 114 2 114 2 
 117 118 116  157 4 157 4 157 4 
 119 121 118  168 3 168 3 168 3 
 120 122 120  178 2 159 423 246 421 
 122 124 121  187 2 169 425 260 424 
 123 125 123  211 2 0 147 260 425 
 124 125 123  199 2 0 124 261 424 
 123 126 123  193 2 1 89 258 425 
 123 126 124  208 2 2 68 262 425 
 123 126 125  197 2 2 52 264 426 
 123 126 124  205 2 1 37 263 426 
 123 127 125  176 47 1 64 310 0 
 123 126 125  122 126 124  173 56 5 54 302 0 
 121 125 124  167 56 5 45 303 0 
 120 124 123  246 2 5 37 298 0 
 120 124 123  239 2 5 30 251 477 
 120 124 122  159 55 6 27 250 477 
 120 124 122  161 54 7 24 249 477 
 120 124 123  264 50 7 22 281 0 
 119 124 122  261 50 6 19 278 0 
 119 123 122  222 0 6 13 245 477 
 119 123 122  6 6 6 6 6 6 
 119 123 122  6 2 6 2 6 2 
 118 123 122  0 4 0 4 0 4 
 118 123 122  0 2 0 2 0 2 
 118 123 122  0 2 0 2 0 2 
 117 122 122  0 2 0 2 0 2 
 118 122 122  0 2 0 2 0 2 
 118 123 122  0 2 0 2 0 2 
 118 122 122  0 2 0 2 0 2 
 117 121 121  0 2 0 2 0 2 
 117 121 120  0 2 0 2 0 2 
 116 120 119  0 3 0 3 0 3 
 117 121 120  0 2 0 2 0 2 
 117 121 121  0 2 0 2 0 2 
 118 123 122  0 2 0 2 0 2 
 118 123 122  0 2 0 2 0 2 
 120 125 124  0 2 0 2 0 2 
 123 127 126  0 2 0 2 0 2 
 124 128 127  0 2 0 2 0 2 
 126 131 129  0 3 0 3 0 3 
 129 133 131  0 3 0 3 0 3 
 131 135 133  0 2 0 2 0 2 
 133 136 134  1 6 1 6 1 6 
 134 137 135  1 3 1 3 1 3 
 135 138 136  135 138 135  136 138 136  136 138 136  230 53 0 16 467 0 
 136 138 136  136 138 136  136 138 137  136 138 137  136 139 137  242 15 0 10 474 0 
 136 138 138  136 138 138  136 139 138  136 139 138  137 140 139  255 43 0 84 549 0 
 136 139 139  256 24 0 73 551 0 
 136 139 139  255 7 1 61 552 0 
 137 139 140  257 3 0 72 554 19 
 137 140 140  257 2 0 71 553 25 
 137 140 140  256 4 0 82 553 40 
 137 140 141  268 3 0 116 565 55 
 137 140 140  256 2 0 97 553 58 
 137 140 141  258 3 0 113 554 72 
 137 140 140  251 2 0 110 547 80 
 137 140 140  251 2 0 127 545 85 
 138 141 141  247 2 0 136 542 97 
 138 141 141  240 4 0 148 541 107 
 138 141 141  244 2 0 148 539 111 
 138 141 141  238 3 1 167 539 125 
 138 141 141  242 2 1 178 537 135 
 139 141 141  235 4 0 182 536 142 
 139 141 141  231 4 1 189 532 150 
 139 141 141  224 3 1 206 526 163 
 139 141 140  224 3 1 210 525 169 
 138 140 140  223 2 1 226 517 183 
 138 140 139  219 3 1 231 514 184 
 137 140 139  208 2 1 236 509 192 
 136 138 137  197 4 1 252 499 209 
 136 138 137  195 4 1 254 498 233 
 135 137 136  196 2 1 264 490 244 
 132 134 133  176 2 1 273 468 269 
 131 133 132  169 3 1 278 462 278 
 129 131 130  160 2 160 2 452 286 
 125 127 124  142 3 142 3 409 303 
 124 126 123  158 2 158 2 399 307 
 123 124 121  135 2 135 2 382 310 
 121 122 118  121 4 121 4 361 310 
 119 120 116  134 2 134 2 134 2 
 117 119 115  117 3 117 3 117 3 
 116 118 114  118 2 118 2 118 2 
 115 117 112  107 3 107 3 107 3 
 113 115 110  101 3 101 3 101 3 
 110 113 108  110 1 104 419 182 418 
 108 111 106  99 2 99 2 99 2 
 106 109 103  98 2 98 2 98 2 
 104 108 101  93 2 93 2 93 2 
 104 107 101  73 3 73 3 73 3 
 103 106 100  72 4 72 4 72 4 
 102 106 100  70 5 70 5 70 5 
 101 104 98  75 3 75 3 75 3 
 100 104 98  76 3 76 3 76 3 
 101 104 98  75 2 75 2 75 2 
 101 105 99  69 2 69 2 69 2 
 101 105 99  69 2 69 2 69 2 
 102 106 100  69 3 69 3 69 3 
 107 110 105  81 4 81 4 81 4 
 118 120 115  104 6 104 6 104 6 
 131 133 131  175 2 2 261 453 274 
 138 140 140  242 2 1 201 534 164 
 137 140 140  254 2 0 177 547 134 
 135 138 138  260 2 0 142 553 107 
 134 137 137  263 3 0 56 563 13 
 136 138 138  266 2 3 35 497 22 
 136 139 138  0 6 0 6 0 6 
 137 139 137  4 2 4 2 4 2 
 136 139 137  1 2 1 2 1 2 
 132 135 134  0 3 0 3 0 3 
 125 129 128  0 3 0 3 0 3 
 123 127 126  0 2 0 2 0 2 
 119 123 122  0 2 0 2 0 2 
 118 122 121  0 2 0 2 0 2 
 118 122 121  0 2 0 2 0 2 
 118 122 121  0 2 0 2 0 2 
 117 121 120  0 2 0 2 0 2 
 117 120 119  0 3 0 3 0 3 
 115 119 118  0 2 0 2 0 2 
 115 119 117  0 2 0 2 0 2 
 115 119 117  115 119 117  173 23 162 443 237 442 
 119 122 119  146 3 146 3 228 419 
 108 109 103  102 2 102 2 102 2 
 102 104 97  87 3 87 3 87 3 
 94 96 90  67 3 67 3 67 3 
 90 92 86  64 2 64 2 64 2 
 89 92 85  87 2 62 421 140 420 
 89 92 85  67 2 67 2 67 2 
 89 91 84  59 3 59 3 59 3 
 88 89 83  58 3 58 3 58 3 
 87 88 81  63 2 63 2 63 2 
 86 88 80  81 1 52 421 136 420 
 86 88 80  71 2 71 2 71 2 
 87 89 81  82 1 27 28 27 28 
 90 91 84  81 1 58 419 140 418 
 95 97 91  86 2 86 2 86 2 
 98 100 94  104 1 51 25 51 25 
 108 109 104  141 1 80 25 80 25 
 113 115 111  150 2 150 2 150 2 
 115 116 112  173 1 110 26 110 26 
 119 121 117  174 2 174 2 174 2 
 123 125 121  198 1 0 161 262 414 
 124 125 122  190 2 1 170 190 2 
 125 126 123  195 2 0 151 195 2 
 121 122 118  195 1 0 121 256 414 
 117 119 114  181 1 0 98 241 414 
 112 114 109  148 2 2 46 148 2 
 108 109 104  134 3 0 71 134 3 
 105 107 102  123 3 123 3 123 3 
 101 101 96  110 2 110 2 110 2 
 95 95 89  73 3 73 3 73 3 
 93 93 86  82 2 82 2 82 2 
 93 93 86  91 1 60 413 136 25 
 92 92 85  82 2 82 2 82 2 
 92 93 86  83 2 83 2 83 2 
 94 95 88  86 2 86 2 86 2 
 102 103 98  116 3 116 3 116 3 
 111 113 108  154 2 154 2 154 2 
 124 126 122  198 2 0 136 198 2 
 134 136 133  255 1 0 149 317 414 
 141 142 141  332 1 1 190 379 417 
 142 144 142  339 0 1 204 391 417 
 144 145 144  361 0 1 226 401 417 
 145 147 146  354 0 1 258 397 417 
 144 145 144  262 23 1 268 340 3 
 139 139 137  256 1 1 290 313 417 
 125 125 122  180 2 180 2 180 2 
 114 115 110  150 1 122 416 206 415 
 95 95 88  55 2 55 2 55 2 
 95 95 88  63 2 63 2 63 2 
 111 110 102  63 2 63 2 63 2 
 115 113 107  50 3 50 3 50 3 
 116 114 109  61 2 61 2 61 2 
 116 114 109  60 2 60 2 60 2 
 115 113 107  55 2 55 2 55 2 
 113 110 103  59 2 59 2 59 2 
 112 109 101  59 2 59 2 59 2 
 109 107 99  58 2 58 2 58 2 
 105 104 96  57 2 57 2 57 2 
 102 102 93  73 1 11 23 11 23 
 98 99 90  64 1 43 418 128 417 
 96 96 88  59 2 59 2 59 2 
 94 95 87  72 2 72 2 72 2 
 93 94 85  106 0 64 31 64 31 
 100 100 92  73 2 73 2 73 2 
 105 105 98  87 2 87 2 87 2 
 109 108 102  93 2 93 2 93 2 
 111 110 105  105 1 75 418 316 251 
 112 112 109  102 2 102 2 353 245 
 111 112 109  105 2 105 2 355 210 
 110 111 109  113 1 80 418 355 203 
 109 110 108  92 3 92 3 353 188 
 108 109 106  84 4 84 4 349 182 
 108 109 106  79 4 79 4 348 181 
 107 108 106  53 5 53 5 343 171 
 107 108 105  48 4 48 4 340 170 
 107 109 106  46 5 46 5 338 182 
 110 111 108  54 2 54 2 348 190 
 109 109 106  31 2 31 2 332 261 
 110 110 107  36 6 36 6 338 276 
 99 100 94  92 1 39 2 39 2 
 91 92 86  67 1 11 5 11 5 
 97 97 94  94 5 24 10 24 10 
 96 95 91  26 8 26 8 26 8 
 97 97 92  71 1 16 6 16 6 
 108 108 105  74 5 74 5 74 5 
 118 118 115  108 2 108 2 108 2 
 122 123 120  120 5 120 5 120 5 
 125 125 123  149 2 149 2 149 2 
 121 121 118  142 2 142 2 142 2 
 114 114 110  137 2 137 2 137 2 
 109 109 105  110 2 110 2 110 2 
 100 99 93  83 2 83 2 83 2 
 96 96 88  70 2 70 2 70 2 
 93 93 85  62 2 62 2 62 2 
 95 95 87  68 2 68 2 68 2 
 96 97 88  65 2 65 2 65 2 
 94 94 86  66 2 66 2 66 2 
 96 97 89  70 2 70 2 70 2 
 101 101 94  85 2 85 2 85 2 
 102 102 95  85 2 85 2 85 2 
 107 107 101  104 2 104 2 104 2 
 116 117 113  145 2 145 2 145 2 
 120 120 117  158 2 158 2 158 2 
 126 127 125  187 2 0 165 260 417 
 126 128 126  191 2 3 164 430 196 
 131 133 132  227 2 1 202 477 163 
 133 135 134  248 2 1 199 499 149 
 134 136 135  257 2 0 168 509 144 
 136 138 137  284 1 1 191 534 139 
 136 138 138  286 2 0 181 550 135 
 136 138 138  296 2 0 157 558 130 
 135 137 137  301 2 0 148 560 124 
 135 137 137  299 2 0 139 562 117 
 134 137 137  294 2 0 135 559 114 
 134 135 135  259 3 0 108 529 107 
 133 135 134  255 2 0 108 518 100 
 127 129 128  207 3 0 94 479 32 
 120 122 120  163 2 0 89 386 12 
 116 118 115  201 8 19 43 371 64 
 115 117 113  148 2 18 47 243 415 
 115 117 114  157 2 2 67 254 415 
 115 117 115  199 2 1 54 262 411 
 120 123 121  211 2 0 25 309 414 
 126 128 126  295 7 2 14 331 410 
 128 130 127  364 75 0 87 396 11 
 136 136 132  201 1 1 239 292 403 
 129 128 123  168 2 168 2 168 2 
 124 121 116  128 2 3 390 360 395 
 116 114 109  110 2 110 2 349 395 
 114 112 107  106 2 106 2 340 395 
 109 108 102  97 6 97 6 311 400 
 108 107 100  86 6 86 6 86 6 
 105 103 97  80 4 80 4 80 4 
 103 102 95  117 1 56 57 250 384 
 99 98 91  76 3 76 3 76 3 
 98 97 90  70 4 70 4 70 4 
 95 96 88  101 2 101 2 101 2 
 92 93 85  81 3 81 3 81 3 
 90 91 83  94 2 94 2 94 2 
 88 88 80  92 2 92 2 92 2 
 87 87 79  90 2 90 2 90 2 
 87 87 79  63 5 63 5 63 5 
 86 87 79  92 2 92 2 92 2 
 87 88 80  70 3 70 3 70 3 
 87 88 80  94 2 94 2 94 2 
 87 88 80  74 2 74 2 74 2 
 86 86 79  53 4 53 4 53 4 
 87 87 79  67 3 67 3 67 3 
 88 88 81  55 2 55 2 55 2 
 89 90 83  55 2 55 2 55 2 
 87 88 82  142 0 28 10 28 10 
 86 87 82  40 2 40 2 40 2 
 83 84 81  82 2 82 2 82 2 
 84 84 82  77 4 77 4 77 4 
 84 84 82  81 2 81 2 81 2 
 85 85 83  107 1 21 281 197 280 
 85 85 83  86 3 86 3 86 3 
 86 86 84  125 2 14 289 202 294 
 91 90 86  118 2 118 2 118 2 
 91 90 85  115 1 55 41 208 342 
 89 88 83  82 4 82 4 82 4 
 91 90 82  108 2 108 2 108 2 
 89 87 79  109 2 109 2 109 2 
 89 88 77  107 2 107 2 107 2 
 88 87 76  107 2 107 2 107 2 
 84 83 74  93 2 20 27 20 27 
 86 85 75  108 2 108 2 108 2 
 84 84 74  83 81 72  66 2 66 2 66 2 
 83 82 73  67 3 67 3 67 3 
 85 85 74  108 2 108 2 108 2 
 85 85 74  106 2 106 2 106 2 
 84 83 74  93 2 93 2 93 2 
 84 83 73  95 2 95 2 95 2 
 84 83 74  77 2 77 2 77 2 
 87 87 77  110 2 110 2 110 2 
 91 91 83  116 2 116 2 116 2 
 92 92 85  103 2 103 2 103 2 
 94 94 88  106 3 48 20 106 3 
 95 95 89  105 4 105 4 105 4 
 96 96 90  90 4 90 4 90 4 
 97 98 90  123 2 123 2 123 2 
 98 98 91  93 3 93 3 93 3 
 99 100 91  115 2 115 2 115 2 
 99 99 92  89 2 89 2 89 2 
 100 100 93  72 2 72 2 72 2 
 100 100 93  97 1 32 21 32 21 
 100 100 93  102 2 102 2 102 2 
 103 103 96  109 2 109 2 109 2 
 105 105 100  131 2 131 2 131 2 
 108 109 104  172 2 172 2 172 2 
 114 116 110  215 2 215 2 215 2 
 118 120 115  230 2 230 2 230 2 
 121 122 119  230 0 0 145 153 19 
 123 124 120  231 1 0 135 297 414 
 124 126 122  240 2 240 2 240 2 
 118 119 115  196 0 149 410 264 409 
 101 101 94  138 0 85 6 85 6 
 110 108 99  79 1 26 36 127 21 
 113 110 101  58 4 58 4 58 4 
 115 111 103  61 2 61 2 61 2 
 112 109 102  74 2 74 2 74 2 
 107 106 98  108 2 108 2 108 2 
 101 100 92  62 3 62 3 62 3 
 98 97 89  132 2 33 11 33 11 
 96 95 87  109 0 20 16 20 16 
 96 95 87  110 0 18 16 18 16 
 93 92 83  67 3 67 3 67 3 
 93 92 83  69 2 69 2 69 2 
 90 89 80  109 2 109 2 109 2 
 93 92 83  63 2 63 2 63 2 
 102 101 92  107 2 107 2 107 2 
 103 102 96  65 2 65 2 65 2 
 107 107 101  107 2 107 2 107 2 
 105 106 102  63 3 63 3 316 148 
 106 106 103  24 15 24 15 311 132 
 107 107 100  87 2 87 2 87 2 
 104 103 98  42 2 42 2 42 2 
 104 103 97  56 2 56 2 56 2 
 103 103 97  77 2 77 2 77 2 
 100 100 94  60 1 26 407 132 406 
 100 99 94  70 1 14 4 14 4 
 103 103 97  93 2 93 2 93 2 
 103 102 97  94 2 23 8 237 61 
 107 107 102  109 2 109 2 109 2 
 102 103 100  54 5 54 5 268 29 
 99 100 98  70 2 21 12 268 26 
 97 98 96  90 2 21 12 318 107 
 98 100 95  108 2 108 2 108 2 
 96 97 94  77 2 17 14 17 14 
 100 99 95  75 1 19 16 19 16 
 101 100 90  89 2 89 2 89 2 
 102 99 92  88 3 0 16 0 16 
 111 108 101  90 5 1 16 1 16 
 109 109 98  91 2 91 2 91 2 
 116 116 107  139 2 139 2 139 2 
 107 106 99  124 14 20 17 20 17 
 99 99 90  90 7 0 18 0 18 
 97 96 88  50 4 1 18 50 4 
 106 105 98  111 2 54 19 111 2 
 101 101 93  139 2 139 2 139 2 
 85 84 76  48 7 48 7 48 7 
 86 86 76  90 2 90 2 90 2 
 86 85 76  89 2 89 2 89 2 
 86 86 77  90 2 90 2 90 2 
 88 88 79  91 2 91 2 91 2 
 84 83 76  79 2 79 2 79 2 
 85 84 75  90 2 90 2 90 2 
 85 85 76  89 2 89 2 89 2 
 85 85 76  89 2 89 2 89 2 
 84 84 74  79 2 79 2 79 2 
 83 82 73  79 2 79 2 79 2 
 83 83 74  79 2 79 2 79 2 
 84 83 74  79 2 79 2 79 2 
 83 83 73  79 2 79 2 79 2 
 83 83 73  79 2 79 2 79 2 
 84 84 74  78 2 78 2 78 2 
 86 86 77  90 2 90 2 90 2 
 83 82 75  91 2 91 2 91 2 
 85 85 75  89 2 89 2 89 2 
 86 85 75  90 2 90 2 90 2 
 86 86 75  79 2 79 2 79 2 
 90 88 80  95 2 95 2 95 2 
 92 90 82  97 2 97 2 97 2 
 91 90 82  90 2 90 2 90 2 
 86 87 83  112 2 112 2 112 2 
 72 74 72  18 9 18 9 59 131 
 76 72 62  127 0 16 425 174 424 
 81 72 68  50 132 5 431 129 0 
 84 73 72  73 51 73 51 125 0 
 97 89 88  140 2 140 2 140 2 
 92 83 84  73 2 73 2 73 2 
 90 86 84  139 0 39 321 143 320 
 90 87 85  140 0 40 322 144 321 
 87 84 81  142 0 38 322 144 321 
 83 79 77  85 18 29 323 143 0 
 89 83 78  138 2 138 2 138 2 
 83 77 71  145 2 145 2 145 2 
 83 75 68  98 117 1 431 171 0 
 81 78 68  139 67 2 426 164 0 
 82 83 77  157 0 83 23 83 23 
 87 87 79  75 2 75 2 75 2 
 95 94 84  126 2 126 2 126 2 
 96 96 88  52 3 52 3 52 3 
 98 101 93  33 2 33 2 33 2 
 107 110 104  63 2 63 2 63 2 
 113 115 112  40 6 40 6 40 6 
 115 117 115  31 8 31 8 31 8 
 117 119 118  27 2 27 2 27 2 
 119 122 120  37 2 37 2 37 2 
 121 123 122  45 2 45 2 45 2 
 121 123 122  29 8 29 8 29 8 
 119 121 120  30 5 30 5 30 5 
 118 119 119  16 14 16 14 16 14 
 117 119 118  35 3 35 3 35 3 
 113 114 113  33 9 33 9 33 9 
 113 113 110  119 2 63 6 63 6 
 110 110 106  60 9 60 9 60 9 
 103 103 97  54 2 54 2 54 2 
 94 93 85  99 2 99 2 99 2 
 88 86 77  65 2 65 2 65 2 
 89 89 78  107 2 107 2 107 2 
 89 88 79  87 87 77  104 2 104 2 104 2 
 90 90 80  106 2 106 2 106 2 
 86 86 76  90 2 90 2 90 2 
 89 89 80  107 2 107 2 107 2 
 89 89 80  106 2 106 2 106 2 
 92 92 85  106 2 106 2 106 2 
 93 93 86  105 2 105 2 105 2 
 94 94 88  109 2 109 2 109 2 
 92 93 87  96 2 96 2 96 2 
 92 94 89  96 2 96 2 96 2 
 93 95 90  96 2 96 2 96 2 
 92 95 90  94 2 94 2 94 2 
 91 93 91  119 3 119 3 119 3 
 94 96 91  111 2 111 2 111 2 
 103 105 102  150 2 150 2 150 2 
 105 107 103  155 2 155 2 155 2 
 105 105 100  135 2 135 2 135 2 
 107 105 97  80 2 80 2 80 2 
 108 106 100  93 2 93 2 93 2 
 104 104 95  75 2 75 2 75 2 
 106 105 96  78 2 78 2 78 2 
 109 106 102  91 2 91 2 91 2 
 110 108 100  92 2 92 2 92 2 
 106 105 97  113 2 100 79 100 79 
 110 110 105  163 2 163 2 163 2 
 104 105 100  142 2 142 2 142 2 
 102 103 98  147 2 147 2 147 2 
 96 96 90  125 2 125 2 288 28 
 97 97 92  137 2 137 2 137 2 
 94 93 87  107 2 107 2 107 2 
 100 99 94  111 2 111 2 111 2 
 111 107 100  90 2 90 2 90 2 
 106 102 93  93 2 93 2 93 2 
 112 110 103  145 2 145 2 145 2 
 101 100 91  94 2 94 2 94 2 
 99 98 90  83 3 83 3 83 3 
 99 99 90  95 2 95 2 95 2 
 98 97 89  88 2 88 2 88 2 
 100 99 93  108 2 108 2 108 2 
 106 107 103  149 2 149 2 149 2 
 105 106 101  161 2 161 2 161 2 
 101 101 98  152 2 152 2 152 2 
 103 104 101  170 2 170 2 170 2 
 103 104 100  152 2 152 2 152 2 
 103 103 99  98 96 90  57 2 57 2 57 2 
 93 94 87  41 2 41 2 41 2 
 82 84 82  102 2 102 2 102 2 
 86 88 82  40 2 40 2 40 2 
 76 79 77  140 2 45 33 45 33 
 74 76 75  145 2 51 28 51 28 
 82 85 79  62 2 62 2 62 2 
 83 85 79  57 2 57 2 57 2 
 82 84 79  47 2 47 2 47 2 
 72 74 72  127 1 30 30 202 7 
 80 81 77  148 51 37 28 196 0 
 84 86 79  14 2 14 2 14 2 
 85 86 79  47 2 47 2 47 2 
 87 87 79  73 2 73 2 73 2 
 86 84 81  142 2 142 2 336 326 
 108 107 104  100 4 100 4 353 344 
 115 114 111  100 5 100 5 358 345 
 118 119 118  107 4 107 4 367 298 
 121 121 122  98 4 98 4 372 280 
 99 100 100  200 0 0 62 363 221 
 93 94 95  206 0 1 175 397 195 
 94 95 98  145 2 1 177 393 196 
 96 97 100  147 2 1 177 406 198 
 108 107 110  133 2 7 92 402 267 
 110 114 116  144 2 0 105 407 266 
 119 120 121  42 2 42 2 392 270 
 120 121 122  181 12 50 25 351 277 
 119 120 120  176 14 22 37 366 258 
 109 109 108  130 1 28 27 281 312 
 105 104 95  138 2 138 2 138 2 
 96 96 86  106 2 106 2 106 2 
 101 101 94  140 2 140 2 140 2 
 86 86 79  56 2 56 2 56 2 
 84 84 78  50 2 50 2 50 2 
 84 84 78  51 2 51 2 51 2 
 87 88 82  48 2 48 2 48 2 
 86 87 83  48 2 48 2 48 2 
 84 86 81  50 2 50 2 50 2 
 83 85 79  53 3 53 3 53 3 
 83 83 76  42 2 42 2 42 2 
 86 85 76  89 2 89 2 89 2 
 88 87 76  107 2 107 2 107 2 
 88 90 81  131 0 85 49 85 49 
 88 90 85  24 2 24 2 24 2 
 87 89 85  52 2 52 2 52 2 
 84 88 84  55 40 2 63 150 0 
 83 87 82  50 40 50 40 145 0 
 81 84 79  44 2 44 2 44 2 
 82 87 80  137 0 56 53 155 470 
 86 89 82  129 0 9 51 9 51 
 89 92 84  129 0 7 52 68 38 
 83 86 79  130 0 7 51 67 38 
 86 88 81  125 2 125 2 125 2 
 88 90 83  127 0 84 28 84 28 
 89 91 84  93 94 87  141 0 77 35 165 456 
 90 88 85  93 95 87  132 2 132 2 132 2 
 109 111 104  119 120 115  191 0 138 38 370 330 
 121 123 121  134 136 134  285 0 4 289 440 25 
 136 138 137  307 0 1 239 468 27 
 137 139 139  344 0 1 218 500 21 
 135 134 136  326 0 0 126 536 72 
 133 136 136  301 2 0 127 550 27 
 133 135 134  526 2 526 2 526 2 
 135 137 136  329 0 1 42 473 19 
 134 136 136  132 134 132  132 134 132  293 7 0 8 0 8 
 132 134 132  0 7 0 7 0 7 
 129 131 129  0 3 0 3 0 3 
 129 131 128  1 2 1 2 1 2 
 127 129 127  0 2 0 2 0 2 
 122 124 122  0 2 0 2 0 2 
 116 119 117  0 2 0 2 0 2 
 111 114 111  2 3 2 3 2 3 
 114 116 113  22 2 22 2 354 5 
 114 116 113  45 9 45 9 356 7 
 111 114 111  63 3 63 3 286 0 
 112 115 112  63 2 63 2 284 0 
 110 114 111  168 1 133 478 217 477 
 111 114 112  66 3 66 3 285 0 
 112 116 113  72 2 72 2 295 0 
 114 117 114  115 118 114  2 4 2 4 315 0 
 120 123 120  1 2 1 2 1 2 
 125 128 125  5 3 5 3 5 3 
 125 128 125  11 2 11 2 423 5 
 125 129 126  127 129 126  16 2 16 2 16 2 
 125 127 124  122 124 122  120 122 121  116 119 118  245 2 8 6 392 454 
 116 119 117  243 2 8 11 243 2 
 117 120 117  254 2 0 39 254 2 
 118 120 118  119 121 119  268 2 0 55 268 2 
 121 123 120  123 124 122  287 2 7 36 287 2 
 124 125 123  127 128 125  237 5 4 59 237 5 
 127 128 125  225 4 5 60 225 4 
 129 127 126  8 3 8 3 8 3 
 130 127 125  47 2 47 2 47 2 
 130 131 125  38 2 38 2 38 2 
 131 128 124  9 3 9 3 9 3 
 129 126 122  8 2 8 2 8 2 
 126 125 119  21 2 21 2 21 2 
 133 127 126  5 2 5 2 5 2 
 139 135 131  0 3 0 3 0 3 
 135 130 127  0 9 0 9 0 9 
 132 127 124  240 2 0 118 240 2 
 131 125 125  2 3 2 3 2 3 
 130 125 125  0 5 0 5 0 5 
 130 127 128  0 7 0 7 0 7 
 132 128 131  0 6 0 6 0 6 
 132 129 133  91 7 0 12 554 282 
 131 130 133  70 4 0 16 571 271 
 131 131 134  70 15 1 22 571 282 
 134 133 137  89 14 2 30 589 282 
 134 132 136  87 13 2 28 588 282 
 133 132 136  87 14 0 39 589 283 
 133 133 137  108 15 0 27 609 283 
 131 130 130  77 5 0 29 578 273 
 131 130 134  70 15 0 34 572 282 
 131 130 134  70 14 0 30 571 283 
 131 130 134  0 30 0 30 0 30 
 132 132 136  88 15 2 30 589 282 
 131 129 129  70 3 0 17 70 3 
 130 129 132  68 4 1 23 68 4 
 132 131 134  68 14 0 31 68 14 
 132 131 134  70 15 0 27 70 15 
 131 129 133  0 27 0 27 0 27 
 124 123 123  1 19 1 19 1 19 
 123 125 126  1 43 1 43 1 43 
 122 123 123  92 7 0 71 555 283 
 118 119 119  258 2 0 73 545 267 
 116 117 117  327 37 0 93 532 267 
 115 116 116  252 4 0 77 527 270 
 110 111 110  302 40 1 140 490 269 
 109 109 109  187 2 1 162 473 269 
 107 107 107  164 9 1 184 456 273 
 105 105 104  196 2 1 210 440 275 
 102 99 101  101 29 3 236 419 278 
 98 96 95  175 3 4 273 397 281 
 91 88 86  144 5 1 285 355 283 
 88 86 84  9 68 9 68 338 288 
 91 89 87  143 2 21 68 339 295 
 92 90 88  139 3 4 222 338 296 
 101 97 99  181 2 24 279 377 295 
 103 98 101  180 3 24 282 377 298 
 105 103 96  112 2 112 2 112 2 
 96 94 92  137 2 7 220 325 302 
 92 90 89  110 3 17 66 294 307 
 102 101 93  76 2 76 2 76 2 
